G <- 1000
N <- 10
grainsize <- 0
method <- 0
